2 10 14 9 10 7 8 11 9 8 1 6 8 5 13 3 
9 2 7 1 10 0 3 9 5 3 2 10 14 1 4 4 
11 0 11 11 5 0 1 10 5 4 1 8 3 4 8 2 
0 2 4 14 8 9 13 13 13 4 14 4 8 10 5 10 

13 1 6 13 7 14 11 1 14 14 11 2 10 4 5 4 
2 7 4 8 13 8 13 12 0 7 7 11 11 4 5 5 
5 14 10 12 3 13 11 0 7 9 10 3 9 14 11 4 
8 1 0 0 6 5 10 5 0 12 10 2 5 6 2 5 

7 0 4 11 6 0 2 9 7 0 8 13 12 3 3 0 
13 10 6 2 9 9 12 10 8 9 7 5 2 7 11 0 
4 9 1 11 7 10 2 12 9 8 1 6 4 3 14 14 
13 5 0 2 10 4 5 8 13 6 3 4 7 9 11 14 

0 11 12 3 8 3 2 4 9 6 9 11 12 2 2 4 
13 10 14 6 5 10 2 10 14 9 9 10 4 7 2 6 
8 5 4 5 1 8 14 10 13 0 5 0 1 9 4 2 
4 5 6 5 6 8 3 0 14 8 8 7 12 4 7 2 

2 2 12 10 8 1 7 11 1 13 5 8 3 9 3 2 
7 1 13 0 1 0 12 14 2 4 1 13 1 13 13 4 
10 5 9 10 3 11 11 0 5 5 7 11 5 7 3 8 
6 1 5 9 7 14 9 3 10 3 1 8 4 6 11 5 

8 4 14 14 5 3 6 9 13 14 12 0 7 13 13 13 
13 10 0 6 3 13 7 9 10 3 4 2 11 13 2 8 
0 9 8 8 5 4 0 10 0 10 6 2 3 0 14 4 
2 14 11 5 11 1 10 7 11 3 6 4 11 7 5 9 

1 4 9 10 13 6 5 8 8 6 14 4 12 4 5 4 
4 12 1 8 14 0 12 0 3 5 7 6 12 1 10 10 
3 4 3 5 6 3 7 3 3 1 3 12 4 14 11 8 
8 1 11 1 9 4 5 10 4 13 4 13 11 4 14 2 

3 14 4 10 10 13 0 7 12 7 5 1 11 9 2 6 
5 8 8 6 5 10 6 2 11 4 5 2 13 6 8 6 
11 6 12 8 13 9 4 13 0 8 3 8 11 12 3 12 
10 9 11 14 13 8 13 13 8 8 4 2 3 2 12 4 

