4 3 13 11 1 5 12 5 14 6 4 3 11 7 3 8 
6 11 6 7 7 3 12 14 8 1 10 8 4 3 8 2 
3 0 6 6 8 9 1 5 4 3 12 13 7 7 13 7 
9 1 1 4 4 13 0 11 14 12 0 2 11 4 3 12 

5 2 14 11 11 4 9 14 3 14 8 7 8 7 0 4 
10 3 0 12 8 6 9 3 12 3 8 4 8 11 1 11 
9 12 7 13 4 5 5 9 12 6 1 12 9 12 13 12 
8 10 4 14 0 9 8 6 12 7 13 11 2 4 10 13 

3 3 13 10 5 4 6 9 10 0 1 6 7 7 4 3 
5 14 6 12 0 13 4 7 10 12 10 3 5 14 1 14 
13 3 5 7 9 10 0 3 7 1 5 1 1 1 13 7 
8 1 2 9 11 8 12 2 13 8 8 3 5 2 4 13 

7 9 1 9 14 10 4 3 7 12 4 10 9 4 14 7 
13 6 4 8 1 9 9 13 0 14 7 12 1 6 4 7 
9 13 10 14 3 2 0 1 6 13 3 2 12 8 1 14 
10 13 14 14 8 0 10 11 6 10 0 3 12 13 4 1 

14 4 0 6 6 6 4 11 4 4 8 13 14 3 4 14 
9 10 12 11 9 13 8 6 2 1 9 6 11 13 0 9 
13 11 9 12 10 14 3 4 5 13 10 12 14 9 10 5 
3 14 1 3 4 8 7 8 0 7 1 1 4 11 7 5 

0 6 6 11 12 1 5 2 7 12 6 8 6 5 1 14 
0 1 11 1 5 3 1 8 13 3 3 12 9 14 6 13 
0 4 8 1 6 8 13 6 1 5 10 13 7 3 5 11 
0 8 8 3 2 10 9 7 11 1 10 10 10 11 2 10 

5 0 9 13 7 11 6 5 2 4 1 0 11 3 12 1 
11 7 3 12 10 12 11 1 3 14 4 6 9 11 9 5 
11 1 3 9 11 1 12 10 5 9 4 3 9 5 14 0 
8 13 6 5 2 10 2 4 4 0 12 6 3 4 9 12 

3 8 8 11 13 10 5 4 5 7 8 12 0 8 3 2 
10 0 2 10 2 1 2 3 7 9 12 6 4 3 2 7 
13 11 6 1 7 10 7 7 13 3 6 5 9 12 5 9 
13 8 6 7 6 10 12 8 10 2 3 1 2 5 7 9 

